id,Class_1,Class_2,Class_3,Class_4
100000,0.11923548,0.518448029,0.191957695,0.170358796
100001,0.085642466,0.252681792,0.10926414,0.552411602
100002,0.005821395,0.88378797,0.005992413,0.104398221
100003,0.00286939,4.55E-05,0.996657963,0.00042717
100004,0.007443211,0.195169625,0.010506351,0.786880813
100005,0.042181402,0.411205231,0.086313506,0.460299861
100006,0.000728714,1.04E-06,0.999269339,9.11E-07
100007,0.05093924,0.729393522,0.007239303,0.212427935
100008,6.53E-06,2.18E-06,0.999990741,5.53E-07
100009,0.021562063,0.526950176,0.051898734,0.399589027
100010,0.008075312,0.19272184,0.009144969,0.790057879
100011,0.137749562,0.7309257,0.026518109,0.10480663
100012,0.100339442,0.236753079,0.219261283,0.443646197
100013,0.023200979,0.384153468,0.010834861,0.581810691
100014,0.052782609,0.048190237,0.897301679,0.001725475
100015,0.009947,0.000854877,0.959622731,0.029575391
100016,0.014095799,0.219164137,0.017467735,0.749272328
100017,0.030458046,0.328191981,0.045782807,0.595567166
100018,0.059743692,0.584006243,0.120933304,0.235316761
100019,0.006594223,0.210769779,0.009914832,0.772721166
100020,0.006740427,0.926306752,0.004491939,0.062460882
100021,0.034033471,0.570076696,0.162658065,0.233231769
100022,6.75E-11,5.57E-08,0.999999943,8.58E-10
100023,0.010841483,0.310143155,0.01632259,0.662692772
100024,0.024750671,0.386380289,0.008025478,0.580843562
100025,0.008658584,0.164240281,0.012501657,0.814599478
100026,0.089839163,0.75490399,0.095532205,0.059724641
100027,0.020994279,0.076914146,0.901902907,0.000188667
100028,0.13787534,0.015812707,0.829905833,0.01640612
100029,0.018322592,0.899041738,0.002846375,0.079789294
100030,0.009809215,0.443249129,0.041738618,0.505203038
100031,0.18954565,0.311891983,0.145473844,0.353088522
100032,0.018470332,0.634783508,0.174564285,0.172181874
100033,0.121080101,0.199725989,0.586346376,0.092847534
100034,0.028260585,0.689375947,0.015458666,0.266904802
100035,0.275912018,0.643376968,0.013618439,0.067092576
100036,0.000390123,0.098541977,0.89792152,0.00314638
100037,0.135622586,0.097747467,0.416580148,0.350049799
100038,0.925186704,0.008493761,0.06631953,4.24E-09
100039,0.041428043,0.356387324,0.104824934,0.497359699
100040,0.014032056,0.348915205,0.023965791,0.613086947
100041,0.005613082,0.111295558,0.006946562,0.876144798
100042,0.005419648,0.324207302,0.005936129,0.664436922
100043,0.011026699,0.135272633,0.019089329,0.834611338
100044,0.074485274,0.828584733,0.00302976,0.093900232
100045,4.09E-05,3.83E-12,0.999959065,3.43E-18
100046,0.000227433,0.987740987,0.011433433,0.000598147
100047,0.007129549,0.158978723,0.007819547,0.826072182
100048,0.148717596,0.823712572,0.00966394,0.017905891
100049,0.054638003,0.456264805,0.029558597,0.459538595
100050,0.091627766,0.057343727,0.847019702,0.004008806
100051,0.012002227,0.177578257,0.025219264,0.785200253
100052,0.020012589,0.30204236,0.007922416,0.670022635
100053,0.006520656,0.127220274,0.009700771,0.8565583
100054,0.019154186,0.23736108,0.025587176,0.717897559
100055,0.843712035,0.15051016,0.005777294,5.11E-07
100056,0.046397252,0.079518587,0.528882154,0.345202008
100057,0.0610512,0.83907393,0.088833641,0.011041228
100058,0.057297119,0.007437268,0.932325843,0.00293977
100059,0.018055514,0.981890074,5.43E-05,9.57E-08
100060,0.02276557,0.495503654,0.021680319,0.460050458
100061,0.012615945,0.22755288,0.009554546,0.750276629
100062,0.032314362,0.611690504,0.042970795,0.313024338
100063,0.007312532,0.134148635,0.010212732,0.8483261
100064,0.110000949,0.420574519,0.189640551,0.27978398
100065,0.064162621,0.723738953,0.069537455,0.142560972
100066,0.027807957,0.25453508,0.018390015,0.699266948
100067,0.010182352,0.217412815,0.017928736,0.754476097
100068,0.043693236,0.473514328,0.026797286,0.45599515
100069,0.062708388,0.193449568,0.737693489,0.006148555
100070,0.005699021,0.111652866,0.007214835,0.875433278
100071,0.01905659,0.318421752,0.019489778,0.64303188
100072,0.002355527,0.743036349,0.251920892,0.002687231
100073,0.068578473,0.752578447,0.008601512,0.170241569
100074,0.024694284,0.441495204,0.043869338,0.489941174
100075,0.005676421,0.116442701,0.007897156,0.869983722
100076,0.02399465,0.297130254,0.009543162,0.669331934
100077,5.89E-05,1.90E-05,0.999921819,3.57E-07
100078,0.027273583,0.646378165,0.078076724,0.248271529
100079,0.033203434,0.206293874,0.174591089,0.585911602
100080,0.067885683,0.922258541,0.005610818,0.004244958
100081,0.03865272,0.626153072,0.042646796,0.292547412
100082,0.016490633,0.276232813,0.012223473,0.695053082
100083,0.065978208,0.933287258,2.16E-05,0.000712934
100084,0.025105599,0.571232368,0.008540621,0.395121412
100085,0.009035604,0.14667581,0.013334447,0.830954139
100086,0.014757226,0.22041401,0.012116227,0.752712537
100087,0.020298403,0.570867102,0.006433118,0.402401377
100088,0.013845478,0.185529479,0.019511798,0.781113246
100089,0.006620045,0.127792825,0.009194798,0.856392331
100090,0.00754446,0.154836249,0.008345974,0.829273317
100091,0.000563594,0.99308722,0.004397214,0.001951972
100092,0.038192036,0.276898644,0.03881339,0.64609593
100093,0.219119573,0.38625975,0.391668793,0.002951883
100094,0.010534841,0.419928506,0.010946917,0.558589735
100095,0.021247805,0.279792828,0.021611744,0.677347623
100096,0.078002519,0.468247635,0.293971741,0.159778104
100097,0.01628123,0.020090175,0.963429722,0.000198874
100098,0.073233443,0.592566653,0.181641675,0.152558229
100099,0.004834518,0.995153367,6.72E-06,5.39E-06
100100,0.019021959,0.47310054,0.01480717,0.493070331
100101,0.026191667,0.329084596,0.068909418,0.575814319
100102,0.017861463,0.182433406,0.019873473,0.779831657
100103,0.012574406,0.862866198,0.010023736,0.11453566
100104,0.011152309,0.211089759,0.017261139,0.760496794
100105,0.007521661,0.117537222,0.018436378,0.856504739
100106,0.152148638,0.644854589,0.192778258,0.010218515
100107,0.180519179,0.351241238,0.416633383,0.0516062
100108,0.012566322,0.211427827,0.02442723,0.751578621
100109,0.071722639,0.28400684,0.069464891,0.57480563
100110,0.06569224,0.538566766,0.025279103,0.370461891
100111,0.00639225,0.327761037,0.008090975,0.657755738
100112,0.001983694,0.034646253,0.955759957,0.007610096
100113,0.011593307,0.042742585,0.937932438,0.00773167
100114,0.046578526,0.391398218,0.091803545,0.470219711
100115,0.062044726,0.902853512,0.021005193,0.014096569
100116,0.08478337,0.067218752,0.831615843,0.016382035
100117,0.219590927,0.771414489,0.008283623,0.000710961
100118,0.006117071,0.120278811,0.008547349,0.865056768
100119,0.020236179,0.040916262,0.91822839,0.020619169
100120,0.013607829,0.362126853,0.008567109,0.61569821
100121,0.450290718,0.549572572,0.000131368,5.34E-06
100122,0.035517206,0.771027686,0.065172106,0.128283003
100123,0.018558515,0.599408856,0.016216104,0.365816525
100124,0.001491438,1.57E-06,0.998506996,1.32E-11
100125,0.030231053,0.621927182,0.090477104,0.257364662
100126,0.068677351,0.68956762,0.004844446,0.236910582
100127,0.190247932,0.693760267,0.082682337,0.033309464
100128,0.009750769,0.001993667,0.988255563,8.05E-10
100129,0.126834975,0.862304791,0.000399804,0.01046043
100130,0.004302071,0.671021047,0.003157749,0.321519133
100131,0.049470157,0.651564864,0.216633936,0.082331043
100132,0.02135276,0.323388686,0.023276165,0.631982389
100133,0.036912427,0.884189681,0.003274654,0.075623239
100134,0.008916121,0.991007773,7.61E-05,1.84E-11
100135,0.053913986,0.403146829,0.429901851,0.113037333
100136,0.030894957,7.89E-06,0.969097148,4.53E-10
100137,0.016435412,0.294515214,0.01351537,0.675534004
100138,0.155734125,0.023115303,0.821145487,5.08E-06
100139,0.02702498,0.009268824,0.375827681,0.587878514
100140,0.100349455,0.228594964,0.622040399,0.049015182
100141,0.333847858,0.292237464,0.335188253,0.038726425
100142,0.003769831,1.32E-11,0.996230169,2.01E-12
100143,0.000131208,0.992557959,8.57E-05,0.00722512
100144,0.014213627,0.048993878,0.927002751,0.009789744
100145,0.100461777,0.034654997,0.864842302,4.09E-05
100146,0.041406501,0.821925543,0.079771403,0.056896553
100147,0.021446484,0.80798087,0.05314964,0.117423007
100148,0.007058416,0.112603752,0.010014483,0.870323349
100149,0.024457127,0.159835764,0.792178428,0.023528681
100150,0.041540802,0.355338635,0.044234576,0.558885988
100151,0.008116848,0.214950409,0.007732437,0.769200307
100152,0.004567033,0.163376391,0.436800749,0.395255827
100153,0.096652164,0.683781002,0.061059297,0.158507537
100154,0.006257132,0.120051511,0.007788205,0.865903152
100155,0.032081516,0.57607322,0.105443465,0.286401799
100156,0.010075475,0.162177459,0.012327742,0.815419324
100157,0.021962775,0.950296817,0.018139616,0.009600792
100158,0.061178313,0.782312195,0.012104473,0.144405019
100159,0.02173733,0.301308178,0.044312544,0.632641948
100160,0.012892292,0.030863033,0.956239742,4.93E-06
100161,0.036708022,0.763135484,0.016402149,0.183754345
100162,0.033380151,0.822146033,0.066807891,0.077665925
100163,0.477116802,0.522554092,0.000329103,3.68E-09
100164,0.016543416,0.088000097,0.001006352,0.894450136
100165,0.092133612,0.872685479,0.030775701,0.004405208
100166,0.011351859,0.278743942,0.011722368,0.698181831
100167,0.01381131,0.439475799,0.011985735,0.534727156
100168,0.143729373,0.533756818,0.051226884,0.271286925
100169,0.04325138,0.657915169,0.28371326,0.015120191
100170,0.008568485,0.120317033,0.060321587,0.810792894
100171,0.037053376,0.448732903,0.034869575,0.479344145
100172,0.007727483,0.146511964,0.011292255,0.834468298
100173,0.085546424,0.470865901,0.009403913,0.434183761
100174,0.022008171,0.215790966,0.004510737,0.757690126
100175,0.008784441,0.156764289,0.011123286,0.823327985
100176,0.03851635,0.952168841,0.009312563,2.25E-06
100177,1.67E-08,2.65E-06,0.99999718,1.54E-07
100178,0.001447043,0.030136282,0.967833133,0.000583542
100179,0.1003206,0.507882508,0.024127211,0.367669681
100180,0.031819882,0.186001825,0.345210487,0.436967807
100181,0.0239587,0.886786283,0.015775586,0.073479432
100182,0.031644565,0.373308916,0.554317137,0.040729381
100183,0.051196271,0.79592498,0.010529223,0.142349526
100184,0.023561182,0.408101026,0.088781775,0.479556017
100185,0.001527775,0.928948272,0.001011017,0.068512937
100186,0.01936649,0.606642029,0.314673021,0.05931846
100187,0.135714569,0.783810057,0.005135243,0.075340131
100188,0.014470339,0.272913284,0.038872116,0.673744261
100189,0.035627867,0.448699885,0.108548786,0.407123462
100190,0.002268969,2.52E-05,0.997640344,6.55E-05
100191,0.005962384,0.307851743,0.041773153,0.64441272
100192,0.013135569,0.682573618,0.037581131,0.266709682
100193,0.010528438,0.266428765,0.105848284,0.617194513
100194,0.006204675,0.124651283,0.008716806,0.860427237
100195,0.015393027,0.170177987,0.105330672,0.709098313
100196,0.006437865,0.136644146,0.008950604,0.847967385
100197,0.013557808,0.270818757,0.018394234,0.697229202
100198,0.862910947,0.136525349,0.000563703,1.55E-09
100199,6.41E-05,0.997498916,0.002364503,7.25E-05
100200,0.098555093,0.074571593,0.776887838,0.049985476
100201,0.033864381,0.732864901,0.180578018,0.0526927
100202,0.198499935,0.801489968,1.01E-05,1.80E-09
100203,0.005483715,0.68091535,0.248435387,0.065165548
100204,0.01599371,0.182025683,0.239927918,0.562052689
100205,0.162420859,0.730557052,0.071494591,0.035527498
100206,0.013143446,0.338519144,0.04920706,0.59913035
100207,0.00944571,0.182592232,0.016961923,0.791000136
100208,0.014427061,0.226497795,0.011253789,0.747821355
100209,0.049261099,0.774206979,0.015205926,0.161325996
100210,0.010597661,0.222140912,0.013974101,0.753287325
100211,0.00990388,0.195524748,0.01276433,0.781807042
100212,0.227118991,0.148610461,0.602770243,0.021500304
100213,0.016343376,0.231706763,0.040033822,0.711916039
100214,0.012143684,0.720359656,0.267445533,5.11E-05
100215,0.512792342,0.049271252,0.423835311,0.014101095
100216,0.047640395,0.111598391,0.500970719,0.339790494
100217,0.977898857,0.022008322,9.28E-05,2.68E-08
100218,0.028499382,0.537767672,0.025948448,0.407784498
100219,0.1423178,0.853879416,0.003769061,3.37E-05
100220,0.085711255,0.902792573,0.011115551,0.000380622
100221,0.176289387,0.53837541,0.246043933,0.039291271
100222,0.460201054,0.346610012,0.193168019,2.09E-05
100223,0.967925536,0.000245692,0.031828772,2.45E-12
100224,0.006161952,0.116071882,0.009263161,0.868503005
100225,0.03057011,0.525812126,0.019721448,0.423896316
100226,0.02520863,0.437293448,0.205752268,0.331745654
100227,0.237394695,0.417394099,0.342871214,0.002339992
100228,0.00724047,0.13642863,0.011255272,0.845075627
100229,0.010858843,0.236238255,0.012860994,0.740041908
100230,0.033387748,0.272380493,0.005921289,0.68831047
100231,0.002654523,0.001503598,0.995841639,2.41E-07
100232,0.0240506,0.442909822,0.013675397,0.519364181
100233,0.060186859,0.039836085,0.87756741,0.022409646
100234,0.030252244,0.748651488,0.006179852,0.214916415
100235,0.020627008,0.949847948,0.00197655,0.027548494
100236,0.011511704,0.963482098,0.00054325,0.024462947
100237,0.037119945,0.247716663,0.006463098,0.708700294
100238,0.007014163,0.880400911,0.098015212,0.014569714
100239,0.018336911,0.228701478,0.030695786,0.722265824
100240,0.014669069,0.313556914,0.00532785,0.666446168
100241,0.086409273,0.250104849,0.005370474,0.658115404
100242,0.120345745,0.812966373,0.021257756,0.045430126
100243,0.010276816,0.189434767,0.012898108,0.787390309
100244,0.00618455,0.114493778,0.008812616,0.870509057
100245,0.115029858,0.425639885,0.063467294,0.395862963
100246,0.801552189,0.175161906,0.02328529,6.16E-07
100247,0.034285069,0.584204443,0.1203766,0.261133887
100248,0.006732538,0.110790811,0.012336957,0.870139694
100249,0.073744289,0.92569069,1.67E-05,0.000548293
100250,0.007575086,0.154434612,0.007566952,0.83042335
100251,0.170403625,0.806084642,0.014800245,0.008711488
100252,9.10E-05,0.142222916,0.856512949,0.001173136
100253,0.022062184,0.823514285,0.028834245,0.125589286
100254,0.019160518,0.30419097,0.03868875,0.637959761
100255,6.62E-05,0.009439447,0.990494309,1.87E-11
100256,0.010456839,0.250645236,0.026680885,0.71221704
100257,0.010344007,0.204498478,0.006890763,0.778266753
100258,0.061772166,0.839904733,0.056641821,0.04168128
100259,0.008205224,0.138610821,0.013217136,0.839966819
100260,0.328906974,0.637237755,0.033849689,5.58E-06
100261,0.070105115,0.148130207,0.254453547,0.527311131
100262,0.043704565,0.01441054,0.941876024,8.87E-06
100263,0.007940785,0.149912759,0.007382604,0.834763852
100264,0.508955757,0.350157174,0.14087919,7.88E-06
100265,0.01144344,0.236955385,0.012668728,0.738932447
100266,0.039897615,0.285418131,0.029693264,0.644990991
100267,0.03307918,0.038726804,0.253440456,0.67475356
100268,0.012783996,0.391181859,0.590510842,0.005523302
100269,0.021028641,0.497990541,0.016228307,0.464752511
100270,0.005560068,0.526212009,0.031551803,0.43667612
100271,0.043531497,0.008943477,0.947411934,0.000113092
100272,0.009302214,0.489051363,0.017376167,0.484270256
100273,0.001715627,0.009263483,0.958290664,0.030730227
100274,0.03970614,0.595584284,0.05789302,0.306816555
100275,0.068596525,0.735873962,0.024879852,0.170649662
100276,0.041405078,0.034368617,0.92135444,0.002871864
100277,0.042743995,0.954877321,0.001297696,0.001080989
100278,0.035575512,0.345338321,0.084622999,0.534463168
100279,0.079539402,0.009247069,0.910087375,0.001126154
100280,0.000326935,8.19E-09,0.999587139,8.59E-05
100281,0.010821988,0.13116232,0.016932342,0.841083349
100282,0.019304604,0.405443594,0.056248933,0.519002868
100283,7.03E-05,0.999907082,2.12E-05,1.41E-06
100284,0.148762833,0.803409907,0.024149473,0.023677787
100285,0.037518924,0.51653949,0.181636759,0.264304827
100286,0.061445737,0.293360153,0.016921964,0.628272147
100287,0.029014865,0.489264592,0.094012173,0.387708371
100288,0.115658069,0.186530823,0.226294953,0.471516155
100289,0.007710986,0.277182796,0.013009594,0.702096624
100290,0.011655061,0.321458096,0.034602811,0.632284031
100291,0.007024401,0.716978741,0.006962572,0.269034286
100292,0.011818296,0.296271489,0.003576051,0.688334163
100293,0.013867932,0.272030616,0.028894076,0.685207375
100294,0.011091757,0.252460536,0.012795714,0.723651993
100295,0.023436662,0.730730731,0.074651701,0.171180906
100296,0.020301136,0.412765949,0.024041861,0.542891054
100297,0.00283874,0.955477692,0.012060313,0.029623256
100298,0.015092723,0.343310484,0.025952528,0.615644265
100299,0.03183935,0.588838376,0.118101199,0.261221076
100300,0.072719557,0.926894165,0.000108978,0.000277299
100301,0.023569081,0.713649093,0.104981911,0.157799915
100302,0.096525584,0.431846901,0.340047725,0.13157979
100303,0.07256278,0.896422187,0.028868943,0.00214609
100304,0.030287289,0.21245435,0.047012975,0.710245386
100305,0.029487885,0.749728067,0.041952602,0.178831446
100306,0.021817775,0.04006989,0.933492388,0.004619947
100307,0.167574278,0.032137214,0.794207622,0.006080886
100308,0.004990108,0.710360009,0.024107994,0.260541889
100309,0.007083989,0.140514036,0.008577257,0.843824718
100310,0.031044795,0.531563187,0.039840813,0.397551204
100311,0.007343599,0.124907542,0.014829845,0.852919014
100312,0.036216331,0.607150602,0.045198478,0.311434589
100313,0.006246134,0.130474148,0.006960301,0.856319418
100314,0.04875794,0.492148868,0.417528495,0.041564698
100315,0.023928704,0.224287608,0.735327977,0.016455711
100316,0.202673846,0.200350816,0.336187771,0.260787567
100317,0.050155847,0.374962282,0.226405259,0.348476612
100318,0.019372021,0.705819368,0.208413516,0.066395095
100319,0.002104731,0.012587856,0.985217857,8.96E-05
100320,0.081161285,0.702749122,0.215859876,0.000229717
100321,0.036158138,0.655027947,0.295226421,0.013587494
100322,0.018054457,0.012855573,0.947893062,0.021196908
100323,0.67094547,0.296142462,0.032912064,4.26E-09
100324,0.011766218,6.94E-08,0.988233713,2.27E-12
100325,0.044135845,0.545881138,0.00988915,0.400093867
100326,0.019500918,0.195753774,0.784745266,4.18E-08
100327,0.066783401,0.3548735,0.006517214,0.571825885
100328,0.317392763,0.439381174,0.139123799,0.104102264
100329,0.007101085,0.146816065,0.007814887,0.838267963
100330,0.007919708,0.15518224,0.011356342,0.82554171
100331,0.038191982,0.258421896,0.056006591,0.647379531
100332,0.007938475,0.174020331,0.011915993,0.8061252
100333,0.012566045,0.18613131,0.019746052,0.781556593
100334,0.017385501,0.287341046,0.051744458,0.643528995
100335,0.018538272,0.826579312,0.054292385,0.100590031
100336,0.105999324,0.528536712,0.216405232,0.149058732
100337,0.016871241,0.310262688,0.008645423,0.664220648
100338,1.68E-11,5.28E-09,0.999999995,4.12E-11
100339,0.001486367,0.781554423,0.203431552,0.013527658
100340,0.005739878,0.130831996,0.0083074,0.855120727
100341,0.537192149,0.199331295,0.262881748,0.000594808
100342,0.001293832,0.998499768,1.85E-06,0.000204551
100343,3.34E-05,6.06E-09,0.999966566,3.43E-09
100344,0.028355283,0.446772126,0.046172773,0.478699817
100345,0.009257235,0.592887233,0.01512336,0.382732172
100346,0.952837557,0.047119091,2.28E-05,2.06E-05
100347,0.048424341,0.834046749,0.000788454,0.116740456
100348,0.000718248,0.001204897,0.998076849,5.93E-09
100349,0.043953116,0.735864714,0.118120653,0.102061517
100350,0.014369217,0.410311046,0.008618638,0.566701098
100351,0.071187566,0.412464912,0.38210065,0.134246871
100352,0.042068591,0.194556735,0.014320965,0.74905371
100353,0.032066298,0.048889247,0.912863062,0.006181393
100354,0.03865295,0.684029895,0.119742493,0.157574662
100355,0.037335017,0.783507884,0.018727846,0.160429254
100356,0.005565382,0.111307388,0.007929185,0.875198045
100357,0.028841925,0.950378343,0.019210745,0.001568987
100358,0.023920415,0.296529511,0.14503563,0.534514444
100359,0.00722327,0.840567467,0.049187607,0.103021656
100360,0.050877261,0.679101449,0.133326946,0.136694345
100361,0.048254836,5.39E-05,0.948335662,0.003355645
100362,0.046061944,0.500690005,0.106587647,0.346660404
100363,0.005742342,0.116853594,0.007818534,0.86958553
100364,0.02203749,0.482943046,0.03291213,0.462107334
100365,0.013404012,0.379509995,0.018063034,0.589022958
100366,0.011785774,0.156059617,0.019569165,0.812585444
100367,0.008850241,0.221974863,0.013129968,0.756044928
100368,0.007483671,0.124769982,0.009038341,0.858708007
100369,0.014514929,0.382062379,0.029478185,0.573944506
100370,0.013344258,0.180695197,0.011016547,0.794943998
100371,0.001915741,0.756957526,0.116318103,0.12480863
100372,0.229857336,0.764375337,0.002051862,0.003715465
100373,0.006763254,0.130399824,0.009863249,0.852973673
100374,0.217964137,0.670937027,0.106606728,0.004492108
100375,0.072845531,0.899227208,0.009245362,0.018681899
100376,0.128911571,0.176757604,0.694329642,1.18E-06
100377,0.457582439,0.097767556,0.444260586,0.000389419
100378,0.13918098,0.109549845,0.725556239,0.025712935
100379,0.006899523,0.203715669,0.018442745,0.770942063
100380,0.082023413,0.494051658,0.025867869,0.39805706
100381,0.005683177,0.994229523,7.15E-05,1.59E-05
100382,0.073543063,0.436725819,0.074908035,0.414823083
100383,0.006460201,0.125082317,0.006414755,0.862042728
100384,0.018497032,0.247151457,0.017512257,0.716839253
100385,0.096075421,0.218052763,0.678066918,0.007804898
100386,0.02322298,0.031961612,0.913490366,0.031325042
100387,0.014443644,0.814246681,0.01549379,0.155815885
100388,0.007506663,0.510486221,0.016053303,0.465953813
100389,0.060976771,0.877482445,0.029023004,0.03251778
100390,0.01454781,0.121506765,0.009854545,0.85409088
100391,0.233420075,0.010732699,0.000390228,0.755456998
100392,0.064190309,0.579761287,0.01743178,0.338616624
100393,0.182292856,0.805651464,0.001110298,0.010945382
100394,0.144253084,0.735872906,0.00820376,0.111670249
100395,0.274868933,0.724822515,0.000308536,1.55E-08
100396,0.036210056,0.44175437,0.01692817,0.505107403
100397,0.040114252,0.329481482,0.013933195,0.616471071
100398,0.034081244,0.667741407,0.266520673,0.031656675
100399,0.05144163,0.600013569,0.013130372,0.335414429
100400,0.008981017,0.184945293,0.011896821,0.794176869
100401,0.022861579,0.411014085,0.014682539,0.551441797
100402,0.050451904,0.712625513,0.040050084,0.1968725
100403,0.005502255,0.113640544,0.007414235,0.873442967
100404,0.03371346,0.418663568,0.013766691,0.533856281
100405,0.031046645,0.288181512,0.02217785,0.658593993
100406,0.028903844,0.373484907,0.237569738,0.360041511
100407,0.065595829,0.842202699,0.034254094,0.057947378
100408,0.010160546,0.173362036,0.009130654,0.807346764
100409,0.005730602,0.106408246,0.887202147,0.000659005
100410,0.017082212,0.257852392,0.015334099,0.709731297
100411,0.076659657,0.644050789,0.057014908,0.222274646
100412,0.188146476,0.690668908,0.083371436,0.03781318
100413,0.97820521,0.01849109,0.0033012,2.50E-06
100414,0.066440264,0.485621467,0.098890022,0.349048246
100415,0.043362939,0.56855222,0.083993273,0.304091569
100416,0.006118831,0.155642889,0.013730624,0.824507656
100417,0.04713315,0.823636527,0.126631945,0.002598378
100418,0.006086,0.126798606,0.007541105,0.859574289
100419,0.012440093,0.433983497,0.018481549,0.535094861
100420,0.012352926,0.261216633,0.012991205,0.713439236
100421,0.033895305,0.817979433,0.138452988,0.009672274
100422,0.008872284,0.216119113,0.013337998,0.761670606
100423,0.043691913,0.004439279,0.614516149,0.337352658
100424,0.020818827,0.637299622,0.008309899,0.333571651
100425,0.044611486,0.509654325,0.003423211,0.442310977
100426,0.044418756,0.569643225,0.385311823,0.000626196
100427,0.144767735,0.395363778,0.459844868,2.36E-05
100428,0.001423222,0.778977854,0.216324279,0.003274645
100429,1.72E-05,6.64E-08,0.999982732,5.91E-13
100430,0.132497355,0.849694564,0.014571883,0.003236199
100431,0.068569566,0.883749158,7.35E-05,0.047607812
100432,0.010045441,0.314343947,0.015150451,0.660460161
100433,0.034162631,0.56928933,0.035288757,0.361259282
100434,0.02541251,0.356966827,0.030042751,0.587577911
100435,0.259313406,0.740164692,0.00052188,2.14E-08
100436,0.001039181,0.998959469,1.35E-06,6.53E-12
100437,0.01176433,0.882550744,0.032631008,0.073053919
100438,0.008162334,0.157001406,0.012213386,0.822622874
100439,0.01212364,0.44673475,0.063005945,0.478135665
100440,0.023006941,0.167644948,0.696820168,0.112527944
100441,0.033887563,0.104744504,0.006101557,0.855266375
100442,0.018818746,0.430586745,0.024142834,0.526451676
100443,0.012631094,0.227701994,0.022652948,0.737013964
100444,0.016938546,0.275600074,0.035279346,0.672182034
100445,0.047560297,0.641807731,0.013424005,0.297207966
100446,0.028586769,0.919183206,0.002793198,0.049436826
100447,0.057577176,0.644638636,0.10790375,0.189880437
100448,0.06478309,0.001534894,0.910049851,0.023632166
100449,0.02960233,0.364900144,0.051056375,0.554441152
100450,0.049705751,0.756692225,0.057561046,0.136040978
100451,0.007828584,0.983762441,0.003002998,0.005405976
100452,0.040973964,0.094655062,0.268731157,0.595639817
100453,0.237123727,0.756942716,0.00566972,0.000263836
100454,0.018683848,0.252676519,0.044372003,0.684267631
100455,0.048159267,0.033794511,0.650878723,0.2671675
100456,0.132016207,0.245558994,0.212819105,0.409605693
100457,0.005695152,0.07677111,0.89951629,0.018017448
100458,0.022775456,0.413489211,0.018183203,0.545552129
100459,0.019816797,0.328001043,0.032398199,0.619783961
100460,0.063417924,0.091610268,0.28936912,0.555602688
100461,0.011640613,0.218775094,0.016401596,0.753182696
100462,0.198635577,0.78751606,0.013627848,0.000220515
100463,0.058818851,0.299879427,0.299579706,0.341722016
100464,0.196869838,0.643365475,0.146688936,0.013075752
100465,0.009948592,0.989634607,1.99E-05,0.000396862
100466,0.016015016,0.154170869,0.087181937,0.742632178
100467,0.024743982,0.498709972,0.02717936,0.449366685
100468,0.014255452,0.141725573,0.004657392,0.839361583
100469,0.02978747,0.366757099,0.129205066,0.474250365
100470,0.053711707,0.005655684,0.934019287,0.006613322
100471,0.006974776,0.926210618,0.030321039,0.036493568
100472,0.0067762,0.138245764,0.007997612,0.846980423
100473,0.022804341,0.264839853,0.072747708,0.639608097
100474,0.095873777,0.130056784,0.030939733,0.743129706
100475,0.000315446,0.000673954,0.998742981,0.000267619
100476,0.019235603,0.342074136,0.019735916,0.618954346
100477,0.014072386,0.144611189,0.014862219,0.826454206
100478,0.008804918,0.158052508,0.008262152,0.824880422
100479,0.133122125,0.729466757,0.070765727,0.066645392
100480,0.042139078,0.022597529,0.927200493,0.0080629
100481,0.041056291,0.378158189,0.061303615,0.519481904
100482,0.38771854,0.314396973,0.291206803,0.006677683
100483,0.009797541,0.236109843,0.016888319,0.737204297
100484,0.020566764,3.88E-05,0.979394345,6.20E-08
100485,0.009149948,0.109652271,0.015111414,0.866086367
100486,0.001767895,2.36E-05,0.998208315,1.89E-07
100487,0.005861132,0.863450585,0.031869306,0.098818976
100488,0.018219064,0.850389185,0.006400785,0.124990967
100489,0.133972667,0.613436087,0.025702666,0.226888581
100490,0.005671231,0.113364076,0.006802976,0.874161717
100491,0.048710503,0.393875577,0.037378586,0.520035334
100492,0.015436431,0.055268364,0.929165425,0.00012978
100493,0.006532861,0.93862414,0.039122424,0.015720575
100494,0.00690496,0.134319293,0.009354928,0.849420819
100495,0.077200594,0.263364728,0.644123763,0.015310914
100496,0.005966552,0.137000414,0.010060654,0.84697238
100497,0.017458884,0.179262472,0.031104628,0.772174016
100498,0.001855136,0.010711857,0.986460577,0.00097243
100499,0.028224471,0.008461948,0.961328626,0.001984955
100500,0.078856646,0.061625419,0.859446193,7.17E-05
100501,0.008720255,0.396829635,0.594348058,0.000102051
100502,0.031889939,0.8175744,0.07220653,0.078329132
100503,0.070830398,0.597116559,0.173506403,0.15854664
100504,0.026442817,0.253271576,0.041371309,0.678914298
100505,0.014239153,0.05926081,0.038967236,0.887532802
100506,0.017670525,0.090549892,0.111966068,0.779813515
100507,0.01198836,0.215983071,0.013779838,0.758248731
100508,0.019034269,0.13821997,0.004801111,0.837944649
100509,0.038853624,0.409254051,0.019765098,0.532127226
100510,0.079193997,0.799901731,0.024111889,0.096792383
100511,0.09155756,0.43060382,0.01446945,0.463369169
100512,0.03035688,0.536881815,0.032019335,0.40074197
100513,0.060507088,0.92354813,0.006198474,0.009746308
100514,0.033319848,0.192629091,0.462048878,0.312002183
100515,0.020007262,0.334717242,0.025774025,0.619501472
100516,0.017934491,0.608868673,0.036551216,0.33664562
100517,0.006783886,0.118692554,0.010085844,0.864437717
100518,0.021320366,0.642859313,0.320026949,0.015793373
100519,0.000630677,0.162424878,0.091158711,0.745785735
100520,0.010256942,0.311585762,0.010706074,0.667451222
100521,0.030332304,0.96921721,0.000450485,2.14E-13
100522,0.008654378,0.201888022,0.006704694,0.782752906
100523,0.019940062,0.345482268,0.021582412,0.612995257
100524,0.011628872,0.142507152,0.020336346,0.825527631
100525,0.023776009,0.322021893,0.033251776,0.620950322
100526,0.007359857,0.137517473,0.00954595,0.84557672
100527,0.027598835,0.087809544,0.595918247,0.288673374
100528,0.007561437,0.231146807,0.011675029,0.749616728
100529,0.008045102,0.148729906,0.008953812,0.834271179
100530,0.006308947,0.128732477,0.007202068,0.857756508
100531,0.049881255,0.790560234,0.091010279,0.068548232
100532,0.039280325,0.89108606,0.004061054,0.065572561
100533,0.025107338,0.270662725,0.059284749,0.644945188
100534,0.215828888,0.722177799,0.009507834,0.052485479
100535,0.014434049,0.225401352,0.513757249,0.246407349
100536,0.042297057,0.083627203,0.537786429,0.33628931
100537,0.311395489,0.521054364,0.017910205,0.149639943
100538,0.00835729,0.175982083,0.010627615,0.805033012
100539,0.109799363,0.345105351,0.041091293,0.504003992
100540,0.006489819,0.93032028,0.004663173,0.058526729
100541,0.063142336,0.668015492,0.010189881,0.258652291
100542,0.097928869,0.169650476,0.487166457,0.245254199
100543,0.006714523,0.115162631,0.009450347,0.868672499
100544,0.010255499,0.177702869,0.012361113,0.799680518
100545,0.013448165,0.180104933,0.022712952,0.78373395
100546,0.034467762,0.294687907,0.640045439,0.030798892
100547,0.041450559,0.712644187,0.002569408,0.243335846
100548,0.017971825,0.145418943,0.049522485,0.787086747
100549,0.199063782,0.098049063,0.682742709,0.020144446
100550,0.015603009,0.239768981,0.03537025,0.70925776
100551,0.029261268,0.34737076,0.070846853,0.552521119
100552,0.009473485,0.703150319,0.028280149,0.259096048
100553,0.151861038,0.628245882,0.214243436,0.005649644
100554,0.005431118,0.108552647,0.006922068,0.879094167
100555,0.000108535,0.002453409,0.996900274,0.000537781
100556,0.0111648,0.217971185,0.008222748,0.762641268
100557,0.007184249,0.139560485,0.008325027,0.84493024
100558,0.027862812,0.623436175,0.034035571,0.314665442
100559,0.051876851,0.451603078,0.387830655,0.108689416
100560,0.383696731,0.523126129,0.043043474,0.050133666
100561,0.008697352,0.671128669,0.017836859,0.30233712
100562,0.370979387,0.561634267,0.037571759,0.029814588
100563,0.130581559,0.841479444,0.027938649,3.48E-07
100564,0.008184148,0.199693693,0.760062294,0.032059865
100565,0.030766406,0.703204484,0.008080813,0.257948298
100566,0.025565981,0.16515092,0.808694251,0.000588848
100567,0.011705698,0.245468223,0.010075257,0.732750822
100568,0.135024895,0.645940902,0.073122995,0.145911209
100569,0.026648149,0.721039658,0.088932779,0.163379414
100570,0.001954938,0.66105334,0.299383635,0.037608086
100571,0.026803516,0.285702758,0.043963774,0.643529953
100572,0.013113627,0.155812596,0.023595304,0.807478473
100573,0.010033692,0.183193671,0.013773239,0.792999397
100574,0.027607263,0.118850156,0.282746212,0.570796369
100575,0.056233615,0.516733265,0.243363507,0.183669613
100576,0.080565276,0.153275595,0.248516042,0.517643087
100577,0.017965713,0.230597023,0.04969061,0.701746654
100578,0.291981826,0.69086294,0.017155158,7.64E-08
100579,0.031420169,0.611934752,0.261229347,0.095415732
100580,0.191709913,0.701808004,0.002985643,0.103496439
100581,0.025279953,0.437849148,0.063744572,0.473126327
100582,0.026065081,0.470055286,0.027652249,0.476227384
100583,0.044916246,0.544369867,0.022550976,0.38816291
100584,0.006121873,0.138370282,0.00746349,0.848044355
100585,0.197918042,0.644589739,0.126678177,0.030814042
100586,0.077541221,0.804472256,0.040244448,0.077742075
100587,0.192791642,0.639416431,0.092814846,0.074977081
100588,0.051865631,0.45456513,0.089189619,0.40437962
100589,0.015934724,0.271738783,0.016524531,0.695801962
100590,0.726104045,0.177790318,0.093917052,0.002188585
100591,0.005787599,0.916731939,0.061630469,0.015849993
100592,0.114887499,0.449013142,0.431100727,0.004998632
100593,0.028713416,0.737182444,0.108067594,0.126036547
100594,0.003884097,0.235973397,0.414428385,0.345714121
100595,0.001788648,0.428377986,0.560552689,0.009280678
100596,0.036659868,0.294780164,0.073084583,0.595475385
100597,0.00973397,0.223853231,0.011739621,0.754673179
100598,0.015224294,0.189437559,0.027135184,0.768202963
100599,0.005398653,0.973137511,0.017711123,0.003752713
100600,0.007909875,0.142852855,0.015180239,0.834057032
100601,0.020514521,0.385627728,0.018496195,0.575361555
100602,0.001380524,0.985625889,0.011864831,0.001128756
100603,0.693627876,0.254658922,0.051713003,1.99E-07
100604,0.013261003,0.220118444,0.017047195,0.749573358
100605,0.006834017,0.129023449,0.010671034,0.853471501
100606,0.010717374,0.301809428,0.019223583,0.668249615
100607,0.358300314,0.014794728,0.624731759,0.002173199
100608,0.043053757,0.118861744,0.589956466,0.248128033
100609,0.001468761,0.882083086,0.001280901,0.115167252
100610,0.127317243,0.53108905,0.313891507,0.027702199
100611,0.221234581,0.555990652,0.179602294,0.043172472
100612,0.058854028,0.196707291,0.688640434,0.055798246
100613,0.225280417,0.772680044,0.002039102,4.38E-07
100614,0.009458786,0.095449679,0.013670742,0.881420792
100615,0.006019899,0.117769078,0.008312553,0.86789847
100616,0.22115439,0.649316666,0.127617319,0.001911626
100617,0.064676702,0.91997821,0.001810656,0.013534432
100618,0.020479345,0.08748098,0.888215813,0.003823862
100619,0.009365115,4.33E-05,0.972862045,0.017729548
100620,0.005477444,0.117572156,0.007167215,0.869783186
100621,0.076722758,0.109927747,0.138699339,0.674650156
100622,0.029171265,0.583339237,0.027954431,0.359535066
100623,1.84E-07,0.99999953,1.30E-07,1.55E-07
100624,0.000323077,0.90196312,0.087244574,0.01046923
100625,0.328340931,0.029255664,0.632315379,0.010088026
100626,0.01024686,0.167917497,0.00780774,0.814027903
100627,0.022756532,0.738964143,0.008153052,0.230126273
100628,0.050819289,0.662072168,0.031492918,0.255615625
100629,0.010136814,0.169812673,0.008319356,0.811731156
100630,0.023720936,0.466041136,0.02582963,0.484408298
100631,0.47528964,0.075294375,0.449351128,6.49E-05
100632,0.011528986,0.273219036,0.055294141,0.659957838
100633,0.076531843,0.83786862,0.044195447,0.04140409
100634,0.249576562,0.479843046,0.224355064,0.046225329
100635,0.015780584,0.245279605,0.011687022,0.727252789
100636,0.007967621,0.143651318,0.008356149,0.840024912
100637,0.012135757,0.288978316,0.008580269,0.690305657
100638,0.011788326,8.48E-05,0.988123317,3.52E-06
100639,0.070376852,0.781906402,0.007984581,0.139732165
100640,0.005532387,0.108541744,0.007369111,0.878556758
100641,0.017306701,0.360049361,0.006512482,0.616131456
100642,0.147869893,0.714286245,0.075585222,0.06225864
100643,0.003706951,0.90478409,0.002197175,0.089311785
100644,0.069755262,0.549266687,0.098075916,0.282902134
100645,0.029673381,0.47837718,0.047095107,0.444854331
100646,0.006411144,0.09566418,0.006852037,0.89107264
100647,0.026368375,0.028359387,0.942161801,0.003110438
100648,0.081362259,0.460485326,0.38949104,0.068661376
100649,0.518224684,0.153459648,0.32816725,0.000148419
100650,0.086100845,0.796335764,0.095365475,0.022197915
100651,0.177457786,0.637169149,0.169436439,0.015936626
100652,0.039561081,0.05351905,0.895297542,0.011622327
100653,0.016155178,0.455857597,0.415868741,0.112118484
100654,0.038180387,0.937987687,0.017108804,0.006723122
100655,0.001943083,0.001669008,0.996377626,1.03E-05
100656,0.014349002,0.23664755,0.027704744,0.721298704
100657,0.433712749,0.565188539,0.000148511,0.000950202
100658,0.014861568,0.250310022,0.013525515,0.721302895
100659,0.048557078,0.377167811,0.404981744,0.169293367
100660,0.036142479,0.127868575,0.041254487,0.79473446
100661,0.011330809,0.906553081,0.003724711,0.0783914
100662,0.032822682,0.414408681,0.07889155,0.473877088
100663,0.001241975,0.000185191,0.99714791,0.001424924
100664,0.007741261,0.235311647,0.008222163,0.74872493
100665,0.025067381,0.456894947,0.079884037,0.438153635
100666,0.030169527,0.400550415,0.206279909,0.363000149
100667,0.055656422,0.53948309,0.015510334,0.389350153
100668,0.02723738,0.659015337,0.022155573,0.29159171
100669,0.015327182,0.173809574,0.80291578,0.007947464
100670,0.036902397,0.341325622,0.140193191,0.481578791
100671,0.008452808,0.137437528,0.010965129,0.843144535
100672,0.026891299,0.39566414,0.171864631,0.405579929
100673,0.018958489,0.286989009,0.039012436,0.655040067
100674,0.023200746,0.486305897,0.023132291,0.467361065
100675,8.86E-05,9.38E-07,0.999910482,8.70E-10
100676,0.115703877,0.864696721,0.002457877,0.017141525
100677,0.024241759,0.245681828,0.042810027,0.687266385
100678,0.024230957,0.244121019,0.114370963,0.617277061
100679,0.008874006,0.17011188,0.01250526,0.808508854
100680,0.008062596,0.448447405,0.044593617,0.498896382
100681,0.061991156,0.026474465,0.911504679,2.97E-05
100682,0.039893963,0.719923085,0.104354282,0.135828671
100683,0.015697021,0.302278666,0.045932651,0.636091662
100684,0.123683589,0.604311167,0.184437339,0.087567905
100685,0.011863705,0.13456132,0.019717375,0.833857601
100686,0.013503448,0.239697094,0.02006099,0.726738468
100687,0.005467695,0.188799294,0.503989757,0.301743254
100688,0.011993578,0.189820885,0.018407607,0.77977793
100689,0.044013452,0.434027686,0.035208033,0.486750828
100690,0.048251411,0.526342578,0.055969636,0.369436375
100691,0.012029725,0.209383232,0.026605381,0.751981662
100692,0.016264905,0.342813785,0.008165884,0.632755426
100693,0.041957527,0.379700143,0.575621126,0.002721204
100694,0.00050321,2.43E-08,0.999295956,0.00020081
100695,0.011331179,0.257632123,0.025906187,0.705130511
100696,0.016006212,0.980137164,0.003135084,0.000721541
100697,0.01346928,0.002048045,0.984360677,0.000121998
100698,0.008875518,0.153516458,0.101677034,0.73593099
100699,9.87E-05,0.118669795,0.787097597,0.094133936
100700,0.115658213,0.744297544,0.003370316,0.136673927
100701,0.00635932,0.993630941,6.79E-06,2.95E-06
100702,0.022098126,0.651007777,0.074249153,0.252644943
100703,0.007134108,0.147648078,0.010914499,0.834303315
100704,0.079696422,0.282007628,0.134089402,0.504206548
100705,0.093186109,0.029358046,0.875258846,0.002196998
100706,0.067801904,0.879978134,0.015744013,0.036475949
100707,0.129358222,0.280979893,0.14006994,0.449591945
100708,0.012474378,0.022255248,0.940363388,0.024906986
100709,0.005904307,0.107780213,0.008166368,0.878149112
100710,0.006347822,0.009772157,2.97E-05,0.983850292
100711,0.103043734,0.007252237,0.889272888,0.000431141
100712,0.007553083,0.173596655,0.014913512,0.80393675
100713,0.011083435,0.518804528,0.467142602,0.002969436
100714,0.095051527,0.763869284,0.032354414,0.108724775
100715,0.017794312,0.868546734,0.046048894,0.06761006
100716,0.046662894,0.696787787,0.020490093,0.236059226
100717,0.020104664,0.337831525,0.020420403,0.621643408
100718,0.03282879,0.309862089,0.622315513,0.034993608
100719,0.106689814,0.861939752,0.00690822,0.024462214
100720,0.010125448,0.205081207,0.011535631,0.773257714
100721,0.097086426,0.338311638,0.151429112,0.413172823
100722,0.03282177,0.701339801,0.125735924,0.140102504
100723,0.036772888,0.089331002,0.456327435,0.417568674
100724,0.081939757,0.164089978,0.152860977,0.601109288
100725,0.010712644,0.107132713,0.003062419,0.879092223
100726,0.038148742,0.458830079,0.450239788,0.052781391
100727,0.030647931,0.331242089,0.054293035,0.583816944
100728,0.012487003,0.254255016,0.006637382,0.7266206
100729,0.161938539,0.503788733,0.207994475,0.126278253
100730,0.003488814,0.000290485,0.996206341,1.44E-05
100731,0.007646386,0.120508177,0.012900154,0.858945283
100732,0.008597009,0.208660867,0.017675879,0.765066245
100733,4.10E-06,6.65E-10,0.999995898,6.69E-13
100734,0.006577627,0.165160533,0.008322808,0.819939032
100735,0.025068424,0.292930751,0.018330909,0.663669916
100736,0.040647948,0.770476619,0.18760412,0.001271313
100737,0.00678711,0.132816796,0.00562968,0.854766414
100738,0.033387218,0.65383948,0.009844523,0.302928778
